SimulationTime 100
SimulationStepTime 10
Conductivity 20
Alfa 250
Tot 1000
InitialTemp 70
Density 8000
SpecificHeat 650
Nodes number 16
Elements number 9
*Node
      1,  0.0, 0.0
      2, 0.1, 0.0
      3, 0.2, 0.0
      4, 0.3, 0.0
      5, 0.0, 0.1
      6, 0.1, 0.1
      7, 0.2, 0.1
      8, 0.3, 0.1
      9, 0.0, 0.2
     10, 0.1, 0.2
     11, 0.2, 0.2
     12, 0.3, 0.2
     13, 0.0, 0.3
     14, 0.1, 0.3
     15, 0.2, 0.3
     16, 0.3, 0.3
*Element, type=DC2D4
 1,  1,  2,  6,  5
 2,  2,  3,  7,  6
 3,  3,  4,  8,  7
 4,  5,  6, 10,  9
 5,  6,  7, 11, 10
 6,  7,  8, 12, 11
 7,  9, 10, 14, 13
 8, 10, 11, 15, 14
 9, 11, 12, 16, 15
*BC
1, 2, 3, 4, 13, 14, 15, 16
